         0          0010-01-01_00:00:00    2.40000000000000E+03    5.25665951154908E-03
        36          0010-01-02_00:00:00    2.40000000000000E+03    5.30150753418106E-03
        72          0010-01-03_00:00:00    2.40000000000000E+03    5.55006205033918E-03
       108          0010-01-04_00:00:00    2.40000000000000E+03    5.76608613410298E-03
       144          0010-01-05_00:00:00    2.40000000000000E+03    6.26992764173154E-03
       180          0010-01-06_00:00:00    2.40000000000000E+03    6.27201523932081E-03
       216          0010-01-07_00:00:00    2.40000000000000E+03    6.77628902209913E-03
       252          0010-01-08_00:00:00    2.40000000000000E+03    6.52690728748714E-03
       288          0010-01-09_00:00:00    2.40000000000000E+03    6.97249646822147E-03
       324          0010-01-10_00:00:00    2.40000000000000E+03    7.33732790071580E-03
       360          0010-01-11_00:00:00    2.40000000000000E+03    7.21386232822609E-03
       396          0010-01-12_00:00:00    2.40000000000000E+03    7.61731482986934E-03
       432          0010-01-13_00:00:00    2.40000000000000E+03    7.53851777175196E-03
       468          0010-01-14_00:00:00    2.40000000000000E+03    7.73920272333609E-03
       504          0010-01-15_00:00:00    2.40000000000000E+03    7.91737003543863E-03
       540          0010-01-16_00:00:00    2.40000000000000E+03    7.82724218552752E-03
       576          0010-01-17_00:00:00    2.40000000000000E+03    8.21776948029585E-03
       612          0010-01-18_00:00:00    2.40000000000000E+03    7.94742132590394E-03
       648          0010-01-19_00:00:00    2.40000000000000E+03    8.25934630919776E-03
       684          0010-01-20_00:00:00    2.40000000000000E+03    8.26213981855413E-03
       720          0010-01-21_00:00:00    2.40000000000000E+03    8.21719889976183E-03
       756          0010-01-22_00:00:00    2.40000000000000E+03    8.49875006005470E-03
       792          0010-01-23_00:00:00    2.40000000000000E+03    8.23752248989965E-03
       828          0010-01-24_00:00:00    2.40000000000000E+03    8.52978957911096E-03
       864          0010-01-25_00:00:00    2.40000000000000E+03    8.42940143033645E-03
       900          0010-01-26_00:00:00    2.40000000000000E+03    8.47446666928065E-03
       936          0010-01-27_00:00:00    2.40000000000000E+03    8.64926183929453E-03
       972          0010-01-28_00:00:00    2.40000000000000E+03    8.49321108716233E-03
      1008          0010-01-29_00:00:00    2.40000000000000E+03    8.74263147728687E-03
      1044          0010-01-30_00:00:00    2.40000000000000E+03    8.56510209051460E-03
      1080          0010-01-31_00:00:00    2.40000000000000E+03    8.70125060340794E-03
      1116          0010-02-01_00:00:00    2.40000000000000E+03    8.72457263732672E-03
      1152          0010-02-02_00:00:00    2.40000000000000E+03    8.65904359176728E-03
      1188          0010-02-03_00:00:00    2.40000000000000E+03    8.89209620393325E-03
      1224          0010-02-04_00:00:00    2.40000000000000E+03    8.64717284178848E-03
      1260          0010-02-05_00:00:00    2.40000000000000E+03    8.85270181587028E-03
      1296          0010-02-06_00:00:00    2.40000000000000E+03    8.77727657561075E-03
      1332          0010-02-07_00:00:00    2.40000000000000E+03    8.80063533200618E-03
      1368          0010-02-08_00:00:00    2.40000000000000E+03    8.95086858639677E-03
      1404          0010-02-09_00:00:00    2.40000000000000E+03    8.70612051575255E-03
      1440          0010-02-10_00:00:00    2.40000000000000E+03    8.93907108185487E-03
      1476          0010-02-11_00:00:00    2.40000000000000E+03    8.78722758015599E-03
      1512          0010-02-12_00:00:00    2.40000000000000E+03    8.93114873164160E-03
      1548          0010-02-13_00:00:00    2.40000000000000E+03    9.02082054992911E-03
      1584          0010-02-14_00:00:00    2.40000000000000E+03    8.86718796474303E-03
      1620          0010-02-15_00:00:00    2.40000000000000E+03    9.09402019022209E-03
      1656          0010-02-16_00:00:00    2.40000000000000E+03    8.88615628190561E-03
      1692          0010-02-17_00:00:00    2.40000000000000E+03    9.05694860807807E-03
      1728          0010-02-18_00:00:00    2.40000000000000E+03    9.01085715995668E-03
      1764          0010-02-19_00:00:00    2.40000000000000E+03    8.99597964891297E-03
      1800          0010-02-20_00:00:00    2.40000000000000E+03    9.19931374847958E-03
      1836          0010-02-21_00:00:00    2.40000000000000E+03    9.33883715422218E-03
      1872          0010-02-22_00:00:00    2.40000000000000E+03    9.58568405625422E-03
      1908          0010-02-23_00:00:00    2.40000000000000E+03    9.69926224971982E-03
      1944          0010-02-24_00:00:00    2.40000000000000E+03    9.66875385566347E-03
      1980          0010-02-25_00:00:00    2.40000000000000E+03    9.49031616482083E-03
      2016          0010-02-26_00:00:00    2.40000000000000E+03    9.17503787841622E-03
      2052          0010-02-27_00:00:00    2.40000000000000E+03    9.36203010143087E-03
      2088          0010-02-28_00:00:00    2.40000000000000E+03    9.13630217183288E-03
      2124          0010-03-01_00:00:00    2.40000000000000E+03    9.28059592488302E-03
      2160          0010-03-02_00:00:00    2.40000000000000E+03    9.25526152049140E-03
      2196          0010-03-03_00:00:00    2.40000000000000E+03    9.21721043329490E-03
      2232          0010-03-04_00:00:00    2.40000000000000E+03    9.39171335482841E-03
      2268          0010-03-05_00:00:00    2.40000000000000E+03    9.13989161745589E-03
      2304          0010-03-06_00:00:00    2.40000000000000E+03    9.41581114044074E-03
      2340          0010-03-07_00:00:00    2.40000000000000E+03    9.31660979796017E-03
      2376          0010-03-08_00:00:00    2.40000000000000E+03    9.38606897128686E-03
      2412          0010-03-09_00:00:00    2.40000000000000E+03    9.56235590123098E-03
      2448          0010-03-10_00:00:00    2.40000000000000E+03    9.34595956173997E-03
      2484          0010-03-11_00:00:00    2.40000000000000E+03    9.57572603271705E-03
      2520          0010-03-12_00:00:00    2.40000000000000E+03    9.47507015276722E-03
      2556          0010-03-13_00:00:00    2.40000000000000E+03    9.55793840266409E-03
      2592          0010-03-14_00:00:00    2.40000000000000E+03    9.60618157894042E-03
      2628          0010-03-15_00:00:00    2.40000000000000E+03    9.67941854136333E-03
      2664          0010-03-16_00:00:00    2.40000000000000E+03    9.73626419826409E-03
      2700          0010-03-17_00:00:00    2.40000000000000E+03    9.72911905152615E-03
      2736          0010-03-18_00:00:00    2.40000000000000E+03    9.73369621585464E-03
      2772          0010-03-19_00:00:00    2.40000000000000E+03    9.75571237693487E-03
      2808          0010-03-20_00:00:00    2.40000000000000E+03    9.79369074671574E-03
      2844          0010-03-21_00:00:00    2.40000000000000E+03    9.81647770839556E-03
      2880          0010-03-22_00:00:00    2.40000000000000E+03    9.81075971755817E-03
      2916          0010-03-23_00:00:00    2.40000000000000E+03    9.86304622537682E-03
      2952          0010-03-24_00:00:00    2.40000000000000E+03    9.85467288429340E-03
      2988          0010-03-25_00:00:00    2.40000000000000E+03    9.83501319413092E-03
      3024          0010-03-26_00:00:00    2.40000000000000E+03    9.82499510688543E-03
      3060          0010-03-27_00:00:00    2.40000000000000E+03    9.90566734608281E-03
      3096          0010-03-28_00:00:00    2.40000000000000E+03    9.86453740450432E-03
      3132          0010-03-29_00:00:00    2.40000000000000E+03    9.80123378126919E-03
      3168          0010-03-30_00:00:00    2.40000000000000E+03    9.92314964881235E-03
      3204          0010-03-31_00:00:00    2.40000000000000E+03    9.91814789031002E-03
      3240          0010-04-01_00:00:00    2.40000000000000E+03    9.95414408646114E-03
      3276          0010-04-02_00:00:00    2.40000000000000E+03    1.00057619199760E-02
      3312          0010-04-03_00:00:00    2.40000000000000E+03    9.97516946969429E-03
      3348          0010-04-04_00:00:00    2.40000000000000E+03    9.98096628026128E-03
      3384          0010-04-05_00:00:00    2.40000000000000E+03    1.00177990277483E-02
      3420          0010-04-06_00:00:00    2.40000000000000E+03    1.00529666564173E-02
      3456          0010-04-07_00:00:00    2.40000000000000E+03    1.01163481425417E-02
      3492          0010-04-08_00:00:00    2.40000000000000E+03    1.01297083589492E-02
      3528          0010-04-09_00:00:00    2.40000000000000E+03    1.00995569540451E-02
      3564          0010-04-10_00:00:00    2.40000000000000E+03    9.98571044446909E-03
      3600          0010-04-11_00:00:00    2.40000000000000E+03    1.00402984292015E-02
      3636          0010-04-12_00:00:00    2.40000000000000E+03    9.97303679166232E-03
      3672          0010-04-13_00:00:00    2.40000000000000E+03    9.97309654496850E-03
      3708          0010-04-14_00:00:00    2.40000000000000E+03    9.92849704192953E-03
      3744          0010-04-15_00:00:00    2.40000000000000E+03    9.91089017086964E-03
      3780          0010-04-16_00:00:00    2.40000000000000E+03    9.86775037866849E-03
      3816          0010-04-17_00:00:00    2.40000000000000E+03    9.77041269521011E-03
      3852          0010-04-18_00:00:00    2.40000000000000E+03    9.73136678985234E-03
      3888          0010-04-19_00:00:00    2.40000000000000E+03    9.68687966182456E-03
      3924          0010-04-20_00:00:00    2.40000000000000E+03    9.73059540869258E-03
      3960          0010-04-21_00:00:00    2.40000000000000E+03    9.80110025529030E-03
      3996          0010-04-22_00:00:00    2.40000000000000E+03    1.05252362791877E-02
      4032          0010-04-23_00:00:00    2.40000000000000E+03    1.14346559664330E-02
      4068          0010-04-24_00:00:00    2.40000000000000E+03    1.22540478927396E-02
      4104          0010-04-25_00:00:00    2.40000000000000E+03    1.28952675639294E-02
      4140          0010-04-26_00:00:00    2.40000000000000E+03    1.32878885239014E-02
      4176          0010-04-27_00:00:00    2.40000000000000E+03    1.34200498718016E-02
      4212          0010-04-28_00:00:00    2.40000000000000E+03    1.33244702897660E-02
      4248          0010-04-29_00:00:00    2.40000000000000E+03    1.30579839385123E-02
      4284          0010-04-30_00:00:00    2.40000000000000E+03    1.26798026960100E-02
      4320          0010-05-01_00:00:00    2.40000000000000E+03    1.22238182044222E-02
      4356          0010-05-02_00:00:00    2.40000000000000E+03    1.16999725358647E-02
      4392          0010-05-03_00:00:00    2.40000000000000E+03    1.16709394306469E-02
      4428          0010-05-04_00:00:00    2.40000000000000E+03    1.20063229461980E-02
      4464          0010-05-05_00:00:00    2.40000000000000E+03    1.21755345227974E-02
      4500          0010-05-06_00:00:00    2.40000000000000E+03    1.19698737213721E-02
      4536          0010-05-07_00:00:00    2.40000000000000E+03    1.16338339985303E-02
      4572          0010-05-08_00:00:00    2.40000000000000E+03    1.13164838884432E-02
      4608          0010-05-09_00:00:00    2.40000000000000E+03    1.10781521449795E-02
      4644          0010-05-10_00:00:00    2.40000000000000E+03    1.09411618911528E-02
      4680          0010-05-11_00:00:00    2.40000000000000E+03    1.08890055924631E-02
      4716          0010-05-12_00:00:00    2.40000000000000E+03    1.09046043386562E-02
      4752          0010-05-13_00:00:00    2.40000000000000E+03    1.09704647746483E-02
      4788          0010-05-14_00:00:00    2.40000000000000E+03    1.10632230699134E-02
      4824          0010-05-15_00:00:00    2.40000000000000E+03    1.11650484459492E-02
      4860          0010-05-16_00:00:00    2.40000000000000E+03    1.12566483783033E-02
      4896          0010-05-17_00:00:00    2.40000000000000E+03    1.13293837096569E-02
      4932          0010-05-18_00:00:00    2.40000000000000E+03    1.14151713552722E-02
      4968          0010-05-19_00:00:00    2.40000000000000E+03    1.15236964791139E-02
      5004          0010-05-20_00:00:00    2.40000000000000E+03    1.15730327960339E-02
      5040          0010-05-21_00:00:00    2.40000000000000E+03    1.15169239120774E-02
      5076          0010-05-22_00:00:00    2.40000000000000E+03    1.13309785715479E-02
      5112          0010-05-23_00:00:00    2.40000000000000E+03    1.10311491607896E-02
      5148          0010-05-24_00:00:00    2.40000000000000E+03    1.10660219067610E-02
      5184          0010-05-25_00:00:00    2.40000000000000E+03    1.10601451559886E-02
      5220          0010-05-26_00:00:00    2.40000000000000E+03    1.10726821955290E-02
      5256          0010-05-27_00:00:00    2.40000000000000E+03    1.10823113044198E-02
      5292          0010-05-28_00:00:00    2.40000000000000E+03    1.10874883838441E-02
      5328          0010-05-29_00:00:00    2.40000000000000E+03    1.10505391845664E-02
      5364          0010-05-30_00:00:00    2.40000000000000E+03    1.10073365996223E-02
      5400          0010-05-31_00:00:00    2.40000000000000E+03    1.09229795440363E-02
      5436          0010-06-01_00:00:00    2.40000000000000E+03    1.11272530743083E-02
      5472          0010-06-02_00:00:00    2.40000000000000E+03    1.12255278655115E-02
      5508          0010-06-03_00:00:00    2.40000000000000E+03    1.11833293858868E-02
      5544          0010-06-04_00:00:00    2.40000000000000E+03    1.12824122784177E-02
      5580          0010-06-05_00:00:00    2.40000000000000E+03    1.14292528850708E-02
      5616          0010-06-06_00:00:00    2.40000000000000E+03    1.14816879800330E-02
      5652          0010-06-07_00:00:00    2.40000000000000E+03    1.14217146044553E-02
      5688          0010-06-08_00:00:00    2.40000000000000E+03    1.14412668505183E-02
      5724          0010-06-09_00:00:00    2.40000000000000E+03    1.15708513722011E-02
      5760          0010-06-10_00:00:00    2.40000000000000E+03    1.17724797465957E-02
      5796          0010-06-11_00:00:00    2.40000000000000E+03    1.18872577145995E-02
      5832          0010-06-12_00:00:00    2.40000000000000E+03    1.18705189090384E-02
      5868          0010-06-13_00:00:00    2.40000000000000E+03    1.20361080698962E-02
      5904          0010-06-14_00:00:00    2.40000000000000E+03    1.20725546869467E-02
      5940          0010-06-15_00:00:00    2.40000000000000E+03    1.21852172572866E-02
      5976          0010-06-16_00:00:00    2.40000000000000E+03    1.22515442668944E-02
      6012          0010-06-17_00:00:00    2.40000000000000E+03    1.22952315936894E-02
      6048          0010-06-18_00:00:00    2.40000000000000E+03    1.24086046111277E-02
      6084          0010-06-19_00:00:00    2.40000000000000E+03    1.23783906570798E-02
      6120          0010-06-20_00:00:00    2.40000000000000E+03    1.25339354658279E-02
      6156          0010-06-21_00:00:00    2.40000000000000E+03    1.26853732943852E-02
      6192          0010-06-22_00:00:00    2.40000000000000E+03    1.28735455774155E-02
      6228          0010-06-23_00:00:00    2.40000000000000E+03    1.30056973829641E-02
      6264          0010-06-24_00:00:00    2.40000000000000E+03    1.31265452581929E-02
      6300          0010-06-25_00:00:00    2.40000000000000E+03    1.32112206437913E-02
      6336          0010-06-26_00:00:00    2.40000000000000E+03    1.32977019275625E-02
      6372          0010-06-27_00:00:00    2.40000000000000E+03    1.34020695283954E-02
      6408          0010-06-28_00:00:00    2.40000000000000E+03    1.34513358730744E-02
      6444          0010-06-29_00:00:00    2.40000000000000E+03    1.35643524012336E-02
      6480          0010-06-30_00:00:00    2.40000000000000E+03    1.36705797192444E-02
      6516          0010-07-01_00:00:00    2.40000000000000E+03    1.37792699967821E-02
      6552          0010-07-02_00:00:00    2.40000000000000E+03    1.39290662964385E-02
      6588          0010-07-03_00:00:00    2.40000000000000E+03    1.40143414052052E-02
      6624          0010-07-04_00:00:00    2.40000000000000E+03    1.41473231679882E-02
      6660          0010-07-05_00:00:00    2.40000000000000E+03    1.43014817420830E-02
      6696          0010-07-06_00:00:00    2.40000000000000E+03    1.45209857080291E-02
      6732          0010-07-07_00:00:00    2.40000000000000E+03    1.46547792316598E-02
      6768          0010-07-08_00:00:00    2.40000000000000E+03    1.48590730658395E-02
      6804          0010-07-09_00:00:00    2.40000000000000E+03    1.49965859267856E-02
      6840          0010-07-10_00:00:00    2.40000000000000E+03    1.50351282312937E-02
      6876          0010-07-11_00:00:00    2.40000000000000E+03    1.51949637106002E-02
      6912          0010-07-12_00:00:00    2.40000000000000E+03    1.53493419196137E-02
      6948          0010-07-13_00:00:00    2.40000000000000E+03    1.54457075822737E-02
      6984          0010-07-14_00:00:00    2.40000000000000E+03    1.54700271695975E-02
      7020          0010-07-15_00:00:00    2.40000000000000E+03    1.55971961199423E-02
      7056          0010-07-16_00:00:00    2.40000000000000E+03    1.56785205503644E-02
      7092          0010-07-17_00:00:00    2.40000000000000E+03    1.58269648575643E-02
      7128          0010-07-18_00:00:00    2.40000000000000E+03    1.58047697541763E-02
      7164          0010-07-19_00:00:00    2.40000000000000E+03    1.58110537674958E-02
      7200          0010-07-20_00:00:00    2.40000000000000E+03    1.56856455471872E-02
      7236          0010-07-21_00:00:00    2.40000000000000E+03    1.56237063166402E-02
      7272          0010-07-22_00:00:00    2.40000000000000E+03    1.55730841071528E-02
      7308          0010-07-23_00:00:00    2.40000000000000E+03    1.53515098083702E-02
      7344          0010-07-24_00:00:00    2.40000000000000E+03    1.52989480633347E-02
      7380          0010-07-25_00:00:00    2.40000000000000E+03    1.51600577548256E-02
      7416          0010-07-26_00:00:00    2.40000000000000E+03    1.52356864552642E-02
      7452          0010-07-27_00:00:00    2.40000000000000E+03    1.53408969234985E-02
      7488          0010-07-28_00:00:00    2.40000000000000E+03    1.54272061131256E-02
      7524          0010-07-29_00:00:00    2.40000000000000E+03    1.53819982439907E-02
      7560          0010-07-30_00:00:00    2.40000000000000E+03    1.53882897698134E-02
      7596          0010-07-31_00:00:00    2.40000000000000E+03    1.54070040572078E-02
      7632          0010-08-01_00:00:00    2.40000000000000E+03    1.54699668527939E-02
      7668          0010-08-02_00:00:00    2.40000000000000E+03    1.55811435729177E-02
      7704          0010-08-03_00:00:00    2.40000000000000E+03    1.55135789059719E-02
      7740          0010-08-04_00:00:00    2.40000000000000E+03    1.56191222831386E-02
      7776          0010-08-05_00:00:00    2.40000000000000E+03    1.57556821266491E-02
      7812          0010-08-06_00:00:00    2.40000000000000E+03    1.56181949449126E-02
      7848          0010-08-07_00:00:00    2.40000000000000E+03    1.57332598756789E-02
      7884          0010-08-08_00:00:00    2.40000000000000E+03    1.58445272009248E-02
      7920          0010-08-09_00:00:00    2.40000000000000E+03    1.60203676853506E-02
      7956          0010-08-10_00:00:00    2.40000000000000E+03    1.60423939837199E-02
      7992          0010-08-11_00:00:00    2.40000000000000E+03    1.59723157301703E-02
      8028          0010-08-12_00:00:00    2.40000000000000E+03    1.60307401791797E-02
      8064          0010-08-13_00:00:00    2.40000000000000E+03    1.61044189739191E-02
      8100          0010-08-14_00:00:00    2.40000000000000E+03    1.61895845075493E-02
      8136          0010-08-15_00:00:00    2.40000000000000E+03    1.61823854778255E-02
      8172          0010-08-16_00:00:00    2.40000000000000E+03    1.62961445962429E-02
      8208          0010-08-17_00:00:00    2.40000000000000E+03    1.63497276965233E-02
      8244          0010-08-18_00:00:00    2.40000000000000E+03    1.65198794911771E-02
      8280          0010-08-19_00:00:00    2.40000000000000E+03    1.64195890756854E-02
      8316          0010-08-20_00:00:00    2.40000000000000E+03    1.64757080661072E-02
      8352          0010-08-21_00:00:00    2.40000000000000E+03    1.65225055953843E-02
      8388          0010-08-22_00:00:00    2.40000000000000E+03    1.65827912709832E-02
      8424          0010-08-23_00:00:00    2.40000000000000E+03    1.65152529588815E-02
      8460          0010-08-24_00:00:00    2.40000000000000E+03    1.66074513500225E-02
      8496          0010-08-25_00:00:00    2.40000000000000E+03    1.66556350194499E-02
      8532          0010-08-26_00:00:00    2.40000000000000E+03    1.66766157823084E-02
      8568          0010-08-27_00:00:00    2.40000000000000E+03    1.67743478807150E-02
      8604          0010-08-28_00:00:00    2.40000000000000E+03    1.68019041565286E-02
      8640          0010-08-29_00:00:00    2.40000000000000E+03    1.66897288569641E-02
      8676          0010-08-30_00:00:00    2.40000000000000E+03    1.67127429405817E-02
      8712          0010-08-31_00:00:00    2.40000000000000E+03    1.67838913130132E-02
      8748          0010-09-01_00:00:00    2.40000000000000E+03    1.65869953924561E-02
      8784          0010-09-02_00:00:00    2.40000000000000E+03    1.64671908554319E-02
      8820          0010-09-03_00:00:00    2.40000000000000E+03    1.64355295604205E-02
      8856          0010-09-04_00:00:00    2.40000000000000E+03    1.64259297922157E-02
      8892          0010-09-05_00:00:00    2.40000000000000E+03    1.63794301130807E-02
      8928          0010-09-06_00:00:00    2.40000000000000E+03    1.64865209359665E-02
      8964          0010-09-07_00:00:00    2.40000000000000E+03    1.64017189363336E-02
      9000          0010-09-08_00:00:00    2.40000000000000E+03    1.63495393599488E-02
      9036          0010-09-09_00:00:00    2.40000000000000E+03    1.62553138496542E-02
      9072          0010-09-10_00:00:00    2.40000000000000E+03    1.62578287777472E-02
      9108          0010-09-11_00:00:00    2.40000000000000E+03    1.62072520892509E-02
      9144          0010-09-12_00:00:00    2.40000000000000E+03    1.62306062067000E-02
      9180          0010-09-13_00:00:00    2.40000000000000E+03    1.63603970499978E-02
      9216          0010-09-14_00:00:00    2.40000000000000E+03    1.63129472004366E-02
      9252          0010-09-15_00:00:00    2.40000000000000E+03    1.64633990654351E-02
      9288          0010-09-16_00:00:00    2.40000000000000E+03    1.63690270863900E-02
      9324          0010-09-17_00:00:00    2.40000000000000E+03    1.63019522660901E-02
      9360          0010-09-18_00:00:00    2.40000000000000E+03    1.62999071593912E-02
      9396          0010-09-19_00:00:00    2.40000000000000E+03    1.62107867518094E-02
      9432          0010-09-20_00:00:00    2.40000000000000E+03    1.62953865131299E-02
      9468          0010-09-21_00:00:00    2.40000000000000E+03    1.63861026790762E-02
      9504          0010-09-22_00:00:00    2.40000000000000E+03    1.63965358794617E-02
      9540          0010-09-23_00:00:00    2.40000000000000E+03    1.63074326380693E-02
      9576          0010-09-24_00:00:00    2.40000000000000E+03    1.62988570912456E-02
      9612          0010-09-25_00:00:00    2.40000000000000E+03    1.63936315462930E-02
      9648          0010-09-26_00:00:00    2.40000000000000E+03    1.64618201596288E-02
      9684          0010-09-27_00:00:00    2.40000000000000E+03    1.64083671249165E-02
      9720          0010-09-28_00:00:00    2.40000000000000E+03    1.63052693586516E-02
      9756          0010-09-29_00:00:00    2.40000000000000E+03    1.65088527936247E-02
      9792          0010-09-30_00:00:00    2.40000000000000E+03    1.64166016805861E-02
      9828          0010-10-01_00:00:00    2.40000000000000E+03    1.63833804138244E-02
      9864          0010-10-02_00:00:00    2.40000000000000E+03    1.64609765588308E-02
      9900          0010-10-03_00:00:00    2.40000000000000E+03    1.63463032279861E-02
      9936          0010-10-04_00:00:00    2.40000000000000E+03    1.63721159069436E-02
      9972          0010-10-05_00:00:00    2.40000000000000E+03    1.64610026930088E-02
     10008          0010-10-06_00:00:00    2.40000000000000E+03    1.64031060814902E-02
     10044          0010-10-07_00:00:00    2.40000000000000E+03    1.63014967142259E-02
     10080          0010-10-08_00:00:00    2.40000000000000E+03    1.63568522965625E-02
     10116          0010-10-09_00:00:00    2.40000000000000E+03    1.64404373846209E-02
     10152          0010-10-10_00:00:00    2.40000000000000E+03    1.63477752879214E-02
     10188          0010-10-11_00:00:00    2.40000000000000E+03    1.63275524264411E-02
     10224          0010-10-12_00:00:00    2.40000000000000E+03    1.60732921499086E-02
     10260          0010-10-13_00:00:00    2.40000000000000E+03    1.60673905097817E-02
     10296          0010-10-14_00:00:00    2.40000000000000E+03    1.60733443957849E-02
     10332          0010-10-15_00:00:00    2.40000000000000E+03    1.59965745942589E-02
     10368          0010-10-16_00:00:00    2.40000000000000E+03    1.60359947301940E-02
     10404          0010-10-17_00:00:00    2.40000000000000E+03    1.58718075020337E-02
     10440          0010-10-18_00:00:00    2.40000000000000E+03    1.58752455584353E-02
     10476          0010-10-19_00:00:00    2.40000000000000E+03    1.58843122033784E-02
     10512          0010-10-20_00:00:00    2.40000000000000E+03    1.58337067525615E-02
     10548          0010-10-21_00:00:00    2.40000000000000E+03    1.58668604475947E-02
     10584          0010-10-22_00:00:00    2.40000000000000E+03    1.57440445100019E-02
     10620          0010-10-23_00:00:00    2.40000000000000E+03    1.56210641077531E-02
     10656          0010-10-24_00:00:00    2.40000000000000E+03    1.56274867563577E-02
     10692          0010-10-25_00:00:00    2.40000000000000E+03    1.54202257581713E-02
     10728          0010-10-26_00:00:00    2.40000000000000E+03    1.52700134471609E-02
     10764          0010-10-27_00:00:00    2.40000000000000E+03    1.53265217614847E-02
     10800          0010-10-28_00:00:00    2.40000000000000E+03    1.54606965864192E-02
     10836          0010-10-29_00:00:00    2.40000000000000E+03    1.52542101244216E-02
     10872          0010-10-30_00:00:00    2.40000000000000E+03    1.51663683935656E-02
     10908          0010-10-31_00:00:00    2.40000000000000E+03    1.50605340205566E-02
     10944          0010-11-01_00:00:00    2.40000000000000E+03    1.49933264508563E-02
     10980          0010-11-02_00:00:00    2.40000000000000E+03    1.50223832753656E-02
     11016          0010-11-03_00:00:00    2.40000000000000E+03    1.50050636957299E-02
     11052          0010-11-04_00:00:00    2.40000000000000E+03    1.49688585524343E-02
     11088          0010-11-05_00:00:00    2.40000000000000E+03    1.48762726740681E-02
     11124          0010-11-06_00:00:00    2.40000000000000E+03    1.46853594590700E-02
     11160          0010-11-07_00:00:00    2.40000000000000E+03    1.46414846901259E-02
     11196          0010-11-08_00:00:00    2.40000000000000E+03    1.44714585108170E-02
     11232          0010-11-09_00:00:00    2.40000000000000E+03    1.45261879906505E-02
     11268          0010-11-10_00:00:00    2.40000000000000E+03    1.45539230005285E-02
     11304          0010-11-11_00:00:00    2.40000000000000E+03    1.44842002100770E-02
     11340          0010-11-12_00:00:00    2.40000000000000E+03    1.42558644582604E-02
     11376          0010-11-13_00:00:00    2.40000000000000E+03    1.41866750551323E-02
     11412          0010-11-14_00:00:00    2.40000000000000E+03    1.41822412843660E-02
     11448          0010-11-15_00:00:00    2.40000000000000E+03    1.40210792227105E-02
     11484          0010-11-16_00:00:00    2.40000000000000E+03    1.37940110947215E-02
     11520          0010-11-17_00:00:00    2.40000000000000E+03    1.38129783586036E-02
     11556          0010-11-18_00:00:00    2.40000000000000E+03    1.37661425132349E-02
     11592          0010-11-19_00:00:00    2.40000000000000E+03    1.35878544334402E-02
     11628          0010-11-20_00:00:00    2.40000000000000E+03    1.35219516357248E-02
     11664          0010-11-21_00:00:00    2.40000000000000E+03    1.34191454341227E-02
     11700          0010-11-22_00:00:00    2.40000000000000E+03    1.33289976279760E-02
     11736          0010-11-23_00:00:00    2.40000000000000E+03    1.34195647142350E-02
     11772          0010-11-24_00:00:00    2.40000000000000E+03    1.32364342036764E-02
     11808          0010-11-25_00:00:00    2.40000000000000E+03    1.29850263769831E-02
     11844          0010-11-26_00:00:00    2.40000000000000E+03    1.30798613584100E-02
     11880          0010-11-27_00:00:00    2.40000000000000E+03    1.28228679700224E-02
     11916          0010-11-28_00:00:00    2.40000000000000E+03    1.29326391757703E-02
     11952          0010-11-29_00:00:00    2.40000000000000E+03    1.31286332734713E-02
     11988          0010-11-30_00:00:00    2.40000000000000E+03    1.32219405458597E-02
     12024          0010-12-01_00:00:00    2.40000000000000E+03    1.33203234943359E-02
     12060          0010-12-02_00:00:00    2.40000000000000E+03    1.34460214716008E-02
     12096          0010-12-03_00:00:00    2.40000000000000E+03    1.35600032483116E-02
     12132          0010-12-04_00:00:00    2.40000000000000E+03    1.37216764097013E-02
     12168          0010-12-05_00:00:00    2.40000000000000E+03    1.38792079785680E-02
     12204          0010-12-06_00:00:00    2.40000000000000E+03    1.40505603921359E-02
     12240          0010-12-07_00:00:00    2.40000000000000E+03    1.41954338299117E-02
     12276          0010-12-08_00:00:00    2.40000000000000E+03    1.42785841046628E-02
     12312          0010-12-09_00:00:00    2.40000000000000E+03    1.45205513414852E-02
     12348          0010-12-10_00:00:00    2.40000000000000E+03    1.48009777747950E-02
     12384          0010-12-11_00:00:00    2.40000000000000E+03    1.47755309262879E-02
     12420          0010-12-12_00:00:00    2.40000000000000E+03    1.48724609338414E-02
     12456          0010-12-13_00:00:00    2.40000000000000E+03    1.49871696926850E-02
     12492          0010-12-14_00:00:00    2.40000000000000E+03    1.50993951909592E-02
     12528          0010-12-15_00:00:00    2.40000000000000E+03    1.52478609697975E-02
     12564          0010-12-16_00:00:00    2.40000000000000E+03    1.55999992853617E-02
     12600          0010-12-17_00:00:00    2.40000000000000E+03    1.56554474047642E-02
     12636          0010-12-18_00:00:00    2.40000000000000E+03    1.55475398737373E-02
     12672          0010-12-19_00:00:00    2.40000000000000E+03    1.56916568369789E-02
     12708          0010-12-20_00:00:00    2.40000000000000E+03    1.57474085687019E-02
     12744          0010-12-21_00:00:00    2.40000000000000E+03    1.58555153422647E-02
     12780          0010-12-22_00:00:00    2.40000000000000E+03    1.59366041765255E-02
     12816          0010-12-23_00:00:00    2.40000000000000E+03    1.60483894160641E-02
     12852          0010-12-24_00:00:00    2.40000000000000E+03    1.60849145554280E-02
     12888          0010-12-25_00:00:00    2.40000000000000E+03    1.60613226896210E-02
     12924          0010-12-26_00:00:00    2.40000000000000E+03    1.63984047683665E-02
     12960          0010-12-27_00:00:00    2.40000000000000E+03    1.63228947730874E-02
     12996          0010-12-28_00:00:00    2.40000000000000E+03    1.62301463236359E-02
     13032          0010-12-29_00:00:00    2.40000000000000E+03    1.62330175359522E-02
     13068          0010-12-30_00:00:00    2.40000000000000E+03    1.63000711756581E-02
     13104          0010-12-31_00:00:00    2.40000000000000E+03    1.63922165941986E-02
     13140          0011-01-01_00:00:00    2.40000000000000E+03    1.63874034471354E-02
     13176          0011-01-02_00:00:00    2.40000000000000E+03    1.64632929762363E-02
     13212          0011-01-03_00:00:00    2.40000000000000E+03    1.65225294534818E-02
     13248          0011-01-04_00:00:00    2.40000000000000E+03    1.65270281596771E-02
     13284          0011-01-05_00:00:00    2.40000000000000E+03    1.67567438543628E-02
     13320          0011-01-06_00:00:00    2.40000000000000E+03    1.64484790092060E-02
     13356          0011-01-07_00:00:00    2.40000000000000E+03    1.65804359677324E-02
     13392          0011-01-08_00:00:00    2.40000000000000E+03    1.68074991721085E-02
     13428          0011-01-09_00:00:00    2.40000000000000E+03    1.68546111250523E-02
     13464          0011-01-10_00:00:00    2.40000000000000E+03    1.69581221761732E-02
     13500          0011-01-11_00:00:00    2.40000000000000E+03    1.68946453355313E-02
     13536          0011-01-12_00:00:00    2.40000000000000E+03    1.69307364732637E-02
     13572          0011-01-13_00:00:00    2.40000000000000E+03    1.70670446894865E-02
     13608          0011-01-14_00:00:00    2.40000000000000E+03    1.71497316075402E-02
     13644          0011-01-15_00:00:00    2.40000000000000E+03    1.72751801894165E-02
     13680          0011-01-16_00:00:00    2.40000000000000E+03    1.73116558641542E-02
     13716          0011-01-17_00:00:00    2.40000000000000E+03    1.74169999213738E-02
     13752          0011-01-18_00:00:00    2.40000000000000E+03    1.72751385781315E-02
     13788          0011-01-19_00:00:00    2.40000000000000E+03    1.71980231291205E-02
     13824          0011-01-20_00:00:00    2.40000000000000E+03    1.72345271110627E-02
     13860          0011-01-21_00:00:00    2.40000000000000E+03    1.72760426553505E-02
     13896          0011-01-22_00:00:00    2.40000000000000E+03    1.74350641105239E-02
     13932          0011-01-23_00:00:00    2.40000000000000E+03    1.74096417612044E-02
     13968          0011-01-24_00:00:00    2.40000000000000E+03    1.73710814741800E-02
     14004          0011-01-25_00:00:00    2.40000000000000E+03    1.72473718995341E-02
     14040          0011-01-26_00:00:00    2.40000000000000E+03    1.72920580851334E-02
     14076          0011-01-27_00:00:00    2.40000000000000E+03    1.73651785635292E-02
     14112          0011-01-28_00:00:00    2.40000000000000E+03    1.72747893736209E-02
     14148          0011-01-29_00:00:00    2.40000000000000E+03    1.72619524023562E-02
     14184          0011-01-30_00:00:00    2.40000000000000E+03    1.73295738281141E-02
     14220          0011-01-31_00:00:00    2.40000000000000E+03    1.72990562200744E-02
     14256          0011-02-01_00:00:00    2.40000000000000E+03    1.72565480175786E-02
     14292          0011-02-02_00:00:00    2.40000000000000E+03    1.73678266585137E-02
     14328          0011-02-03_00:00:00    2.40000000000000E+03    1.73557919846227E-02
     14364          0011-02-04_00:00:00    2.40000000000000E+03    1.73425169600306E-02
     14400          0011-02-05_00:00:00    2.40000000000000E+03    1.73788297483896E-02
     14436          0011-02-06_00:00:00    2.40000000000000E+03    1.73664528758726E-02
     14472          0011-02-07_00:00:00    2.40000000000000E+03    1.74031908793805E-02
     14508          0011-02-08_00:00:00    2.40000000000000E+03    1.74371958199610E-02
     14544          0011-02-09_00:00:00    2.40000000000000E+03    1.72673044146526E-02
     14580          0011-02-10_00:00:00    2.40000000000000E+03    1.72667492004757E-02
     14616          0011-02-11_00:00:00    2.40000000000000E+03    1.71007336504038E-02
     14652          0011-02-12_00:00:00    2.40000000000000E+03    1.69222837336010E-02
     14688          0011-02-13_00:00:00    2.40000000000000E+03    1.67828623810006E-02
     14724          0011-02-14_00:00:00    2.40000000000000E+03    1.68154653039542E-02
     14760          0011-02-15_00:00:00    2.40000000000000E+03    1.68284334804200E-02
     14796          0011-02-16_00:00:00    2.40000000000000E+03    1.67585377382956E-02
     14832          0011-02-17_00:00:00    2.40000000000000E+03    1.65353577859405E-02
     14868          0011-02-18_00:00:00    2.40000000000000E+03    1.64367694997557E-02
     14904          0011-02-19_00:00:00    2.40000000000000E+03    1.65955086147445E-02
     14940          0011-02-20_00:00:00    2.40000000000000E+03    1.67380994133933E-02
     14976          0011-02-21_00:00:00    2.40000000000000E+03    1.68896069531753E-02
     15012          0011-02-22_00:00:00    2.40000000000000E+03    1.72110005920938E-02
     15048          0011-02-23_00:00:00    2.40000000000000E+03    1.73642385150053E-02
     15084          0011-02-24_00:00:00    2.40000000000000E+03    1.74697028970707E-02
     15120          0011-02-25_00:00:00    2.40000000000000E+03    1.76797061499185E-02
     15156          0011-02-26_00:00:00    2.40000000000000E+03    1.78587836081464E-02
     15192          0011-02-27_00:00:00    2.40000000000000E+03    1.80314307848062E-02
     15228          0011-02-28_00:00:00    2.40000000000000E+03    1.81771079029484E-02
     15264          0011-03-01_00:00:00    2.40000000000000E+03    1.84143991312917E-02
     15300          0011-03-02_00:00:00    2.40000000000000E+03    1.85589269366598E-02
     15336          0011-03-03_00:00:00    2.40000000000000E+03    1.86085467990714E-02
     15372          0011-03-04_00:00:00    2.40000000000000E+03    1.90610128113801E-02
     15408          0011-03-05_00:00:00    2.40000000000000E+03    1.92636772014270E-02
     15444          0011-03-06_00:00:00    2.40000000000000E+03    1.92220706594106E-02
     15480          0011-03-07_00:00:00    2.40000000000000E+03    1.92738193312088E-02
     15516          0011-03-08_00:00:00    2.40000000000000E+03    1.92934831384909E-02
     15552          0011-03-09_00:00:00    2.40000000000000E+03    1.92896918479904E-02
     15588          0011-03-10_00:00:00    2.40000000000000E+03    1.95933753632356E-02
     15624          0011-03-11_00:00:00    2.40000000000000E+03    1.95290433277634E-02
     15660          0011-03-12_00:00:00    2.40000000000000E+03    1.95196504133129E-02
     15696          0011-03-13_00:00:00    2.40000000000000E+03    1.96879959530387E-02
     15732          0011-03-14_00:00:00    2.40000000000000E+03    1.96573503173180E-02
     15768          0011-03-15_00:00:00    2.40000000000000E+03    1.94556224417437E-02
     15804          0011-03-16_00:00:00    2.40000000000000E+03    1.92223402427958E-02
     15840          0011-03-17_00:00:00    2.40000000000000E+03    1.92462425078488E-02
     15876          0011-03-18_00:00:00    2.40000000000000E+03    1.93246476251683E-02
     15912          0011-03-19_00:00:00    2.40000000000000E+03    1.95446337828748E-02
     15948          0011-03-20_00:00:00    2.40000000000000E+03    1.96703076065435E-02
     15984          0011-03-21_00:00:00    2.40000000000000E+03    1.97662505966259E-02
     16020          0011-03-22_00:00:00    2.40000000000000E+03    1.98979830834791E-02
     16056          0011-03-23_00:00:00    2.40000000000000E+03    1.99280645071150E-02
     16092          0011-03-24_00:00:00    2.40000000000000E+03    1.99296525359746E-02
     16128          0011-03-25_00:00:00    2.40000000000000E+03    1.99367968034810E-02
     16164          0011-03-26_00:00:00    2.40000000000000E+03    1.98163443529328E-02
     16200          0011-03-27_00:00:00    2.40000000000000E+03    1.99079112874222E-02
     16236          0011-03-28_00:00:00    2.40000000000000E+03    2.00812775258009E-02
     16272          0011-03-29_00:00:00    2.40000000000000E+03    2.00527777122784E-02
     16308          0011-03-30_00:00:00    2.40000000000000E+03    2.01343100011298E-02
     16344          0011-03-31_00:00:00    2.40000000000000E+03    2.03567831917656E-02
     16380          0011-04-01_00:00:00    2.40000000000000E+03    2.05279647830138E-02
     16416          0011-04-02_00:00:00    2.40000000000000E+03    2.04099899605282E-02
     16452          0011-04-03_00:00:00    2.40000000000000E+03    2.02263732594356E-02
     16488          0011-04-04_00:00:00    2.40000000000000E+03    2.03947345988743E-02
     16524          0011-04-05_00:00:00    2.40000000000000E+03    2.03555168207579E-02
     16560          0011-04-06_00:00:00    2.40000000000000E+03    2.02985439268991E-02
     16596          0011-04-07_00:00:00    2.40000000000000E+03    2.01231399511637E-02
     16632          0011-04-08_00:00:00    2.40000000000000E+03    2.02414319160646E-02
     16668          0011-04-09_00:00:00    2.40000000000000E+03    2.02969199347774E-02
         0          0010-01-01_00:00:00    2.40000000000000E+03    5.25665951154908E-03
         0          0010-01-01_00:00:00    2.40000000000000E+03    5.25665951154908E-03
        36          0010-01-02_00:00:00    2.40000000000000E+03    5.30150753418106E-03
        72          0010-01-03_00:00:00    2.40000000000000E+03    5.55006205033918E-03
       108          0010-01-04_00:00:00    2.40000000000000E+03    5.76608613410298E-03
       144          0010-01-05_00:00:00    2.40000000000000E+03    6.26992764173154E-03
       180          0010-01-06_00:00:00    2.40000000000000E+03    6.27201523932081E-03
         0          0010-01-01_00:00:00    2.40000000000000E+03    5.25665951154908E-03
        36          0010-01-02_00:00:00    2.40000000000000E+03    5.30150753418106E-03
        72          0010-01-03_00:00:00    2.40000000000000E+03    5.55006205033918E-03
       108          0010-01-04_00:00:00    2.40000000000000E+03    5.76608613410298E-03
       144          0010-01-05_00:00:00    2.40000000000000E+03    6.26992764173154E-03
       180          0010-01-06_00:00:00    2.40000000000000E+03    6.27201523932081E-03
       216          0010-01-07_00:00:00    2.40000000000000E+03    6.77628902209913E-03
       252          0010-01-08_00:00:00    2.40000000000000E+03    6.52690728748714E-03
       288          0010-01-09_00:00:00    2.40000000000000E+03    6.97249646822147E-03
       324          0010-01-10_00:00:00    2.40000000000000E+03    7.33732790071580E-03
       360          0010-01-11_00:00:00    2.40000000000000E+03    7.21386232822609E-03
       396          0010-01-12_00:00:00    2.40000000000000E+03    7.61731482986934E-03
       432          0010-01-13_00:00:00    2.40000000000000E+03    7.53851777175196E-03
       468          0010-01-14_00:00:00    2.40000000000000E+03    7.73920272333609E-03
       504          0010-01-15_00:00:00    2.40000000000000E+03    7.91737003543863E-03
       540          0010-01-16_00:00:00    2.40000000000000E+03    7.82724218552752E-03
       576          0010-01-17_00:00:00    2.40000000000000E+03    8.21776948029585E-03
         0          0010-01-01_00:00:00    2.40000000000000E+03    5.25665951154908E-03
         0          0010-01-01_00:00:00    2.40000000000000E+03    5.25665951154908E-03
        36          0010-01-02_00:00:00    2.40000000000000E+03    5.30150753418106E-03
        72          0010-01-03_00:00:00    2.40000000000000E+03    5.55006205033918E-03
       108          0010-01-04_00:00:00    2.40000000000000E+03    5.76608613410298E-03
       144          0010-01-05_00:00:00    2.40000000000000E+03    6.26992764173154E-03
       180          0010-01-06_00:00:00    2.40000000000000E+03    6.27201523932081E-03
       216          0010-01-07_00:00:00    2.40000000000000E+03    6.77628902209913E-03
       252          0010-01-08_00:00:00    2.40000000000000E+03    6.52690728748714E-03
       288          0010-01-09_00:00:00    2.40000000000000E+03    6.97249646822147E-03
       324          0010-01-10_00:00:00    2.40000000000000E+03    7.33732790071580E-03
       360          0010-01-11_00:00:00    2.40000000000000E+03    7.21386232822609E-03
       396          0010-01-12_00:00:00    2.40000000000000E+03    7.61731482986934E-03
       432          0010-01-13_00:00:00    2.40000000000000E+03    7.53851777175196E-03
       468          0010-01-14_00:00:00    2.40000000000000E+03    7.73920272333609E-03
       504          0010-01-15_00:00:00    2.40000000000000E+03    7.91737003543863E-03
       540          0010-01-16_00:00:00    2.40000000000000E+03    7.82724218552752E-03
       576          0010-01-17_00:00:00    2.40000000000000E+03    8.21776948029585E-03
       612          0010-01-18_00:00:00    2.40000000000000E+03    7.94742132590394E-03
         0          0010-01-01_00:00:00    2.40000000000000E+03    5.25665951154908E-03
        36          0010-01-02_00:00:00    2.40000000000000E+03    5.30150753418106E-03
        72          0010-01-03_00:00:00    2.40000000000000E+03    5.55006205033918E-03
       108          0010-01-04_00:00:00    2.40000000000000E+03    5.76608613410298E-03
       144          0010-01-05_00:00:00    2.40000000000000E+03    6.26992764173154E-03
       180          0010-01-06_00:00:00    2.40000000000000E+03    6.27201523932081E-03
       216          0010-01-07_00:00:00    2.40000000000000E+03    6.77628902209913E-03
       252          0010-01-08_00:00:00    2.40000000000000E+03    6.52690728748714E-03
       288          0010-01-09_00:00:00    2.40000000000000E+03    6.97249646822147E-03
       324          0010-01-10_00:00:00    2.40000000000000E+03    7.33732790071580E-03
       360          0010-01-11_00:00:00    2.40000000000000E+03    7.21386232822609E-03
       396          0010-01-12_00:00:00    2.40000000000000E+03    7.61731482986934E-03
       432          0010-01-13_00:00:00    2.40000000000000E+03    7.53851777175196E-03
       468          0010-01-14_00:00:00    2.40000000000000E+03    7.73920272333609E-03
       504          0010-01-15_00:00:00    2.40000000000000E+03    7.91737003543863E-03
       540          0010-01-16_00:00:00    2.40000000000000E+03    7.82724218552752E-03
       576          0010-01-17_00:00:00    2.40000000000000E+03    8.21776948029585E-03
       612          0010-01-18_00:00:00    2.40000000000000E+03    7.94742132590394E-03
       648          0010-01-19_00:00:00    2.40000000000000E+03    8.25934630919776E-03
       684          0010-01-20_00:00:00    2.40000000000000E+03    8.26213981855413E-03
       720          0010-01-21_00:00:00    2.40000000000000E+03    8.21719889976183E-03
       756          0010-01-22_00:00:00    2.40000000000000E+03    8.49875006005470E-03
       792          0010-01-23_00:00:00    2.40000000000000E+03    8.23752248989965E-03
       828          0010-01-24_00:00:00    2.40000000000000E+03    8.52978957911096E-03
       864          0010-01-25_00:00:00    2.40000000000000E+03    8.42940143033645E-03
       900          0010-01-26_00:00:00    2.40000000000000E+03    8.47446666928065E-03
       936          0010-01-27_00:00:00    2.40000000000000E+03    8.64926183929453E-03
       972          0010-01-28_00:00:00    2.40000000000000E+03    8.49321108716233E-03
      1008          0010-01-29_00:00:00    2.40000000000000E+03    8.74263147728687E-03
      1044          0010-01-30_00:00:00    2.40000000000000E+03    8.56510209051460E-03
      1080          0010-01-31_00:00:00    2.40000000000000E+03    8.70125060340794E-03
      1116          0010-02-01_00:00:00    2.40000000000000E+03    8.72457263732672E-03
      1152          0010-02-02_00:00:00    2.40000000000000E+03    8.65904359176728E-03
      1188          0010-02-03_00:00:00    2.40000000000000E+03    8.89209620393325E-03
      1224          0010-02-04_00:00:00    2.40000000000000E+03    8.64717284178848E-03
      1260          0010-02-05_00:00:00    2.40000000000000E+03    8.85270181587028E-03
      1296          0010-02-06_00:00:00    2.40000000000000E+03    8.77727657561075E-03
      1332          0010-02-07_00:00:00    2.40000000000000E+03    8.80063533200618E-03
      1368          0010-02-08_00:00:00    2.40000000000000E+03    8.95086858639677E-03
      1404          0010-02-09_00:00:00    2.40000000000000E+03    8.70612051575255E-03
      1440          0010-02-10_00:00:00    2.40000000000000E+03    8.93907108185487E-03
      1476          0010-02-11_00:00:00    2.40000000000000E+03    8.78722758015599E-03
      1512          0010-02-12_00:00:00    2.40000000000000E+03    8.93114873164160E-03
      1548          0010-02-13_00:00:00    2.40000000000000E+03    9.02082054992911E-03
      1584          0010-02-14_00:00:00    2.40000000000000E+03    8.86718796474303E-03
      1620          0010-02-15_00:00:00    2.40000000000000E+03    9.09402019022209E-03
      1656          0010-02-16_00:00:00    2.40000000000000E+03    8.88615628190561E-03
      1692          0010-02-17_00:00:00    2.40000000000000E+03    9.05694860807807E-03
      1728          0010-02-18_00:00:00    2.40000000000000E+03    9.01085715995668E-03
      1764          0010-02-19_00:00:00    2.40000000000000E+03    8.99597964891297E-03
      1800          0010-02-20_00:00:00    2.40000000000000E+03    9.19931374847958E-03
      1836          0010-02-21_00:00:00    2.40000000000000E+03    9.33883715422218E-03
      1872          0010-02-22_00:00:00    2.40000000000000E+03    9.58568405625422E-03
      1908          0010-02-23_00:00:00    2.40000000000000E+03    9.69926224971982E-03
      1944          0010-02-24_00:00:00    2.40000000000000E+03    9.66875385566347E-03
      1980          0010-02-25_00:00:00    2.40000000000000E+03    9.49031616482083E-03
      2016          0010-02-26_00:00:00    2.40000000000000E+03    9.17503787841622E-03
      2052          0010-02-27_00:00:00    2.40000000000000E+03    9.36203010143087E-03
      2088          0010-02-28_00:00:00    2.40000000000000E+03    9.13630217183288E-03
      2124          0010-03-01_00:00:00    2.40000000000000E+03    9.28059592488302E-03
      2160          0010-03-02_00:00:00    2.40000000000000E+03    9.25526152049140E-03
      2196          0010-03-03_00:00:00    2.40000000000000E+03    9.21721043329490E-03
      2232          0010-03-04_00:00:00    2.40000000000000E+03    9.39171335482841E-03
      2268          0010-03-05_00:00:00    2.40000000000000E+03    9.13989161745589E-03
      2304          0010-03-06_00:00:00    2.40000000000000E+03    9.41581114044074E-03
      2340          0010-03-07_00:00:00    2.40000000000000E+03    9.31660979796017E-03
      2376          0010-03-08_00:00:00    2.40000000000000E+03    9.38606897128686E-03
      2412          0010-03-09_00:00:00    2.40000000000000E+03    9.56235590123098E-03
      2448          0010-03-10_00:00:00    2.40000000000000E+03    9.34595956173997E-03
      2484          0010-03-11_00:00:00    2.40000000000000E+03    9.57572603271705E-03
      2520          0010-03-12_00:00:00    2.40000000000000E+03    9.47507015276722E-03
      2556          0010-03-13_00:00:00    2.40000000000000E+03    9.55793840266409E-03
      2592          0010-03-14_00:00:00    2.40000000000000E+03    9.60618157894042E-03
      2628          0010-03-15_00:00:00    2.40000000000000E+03    9.67941854136333E-03
      2664          0010-03-16_00:00:00    2.40000000000000E+03    9.73626419826409E-03
         0          0010-01-01_00:00:00    2.40000000000000E+03    5.25665951154908E-03
